Coefficients: [9471.08756785]
Intercept: 25705.11336325288
